cam0:
  T_cam_imu:
  - [-0.009520263982675359, -0.9998185527214003, 0.016499279008053702, 0.0008030345357670097]
  - [-0.006192960513849377, -0.016440757061680356, -0.9998456624636193, -0.0010459391068264694]
  - [0.9999355038270094, -0.00962097403199047, -0.006035316470715424, 0.00023533473479620033]
  - [0.0, 0.0, 0.0, 1.0]
  cam_overlaps: []
  camera_model: pinhole
  distortion_coeffs: [-0.028982185687907436, -0.6251005904992704, 0, 0]
  distortion_model: radtan
  intrinsics: [7255.78496321, 7255.78496321, 1044.3998515, 660.57744351]
  resolution: [2048, 1152]
  rostopic: /camera4/image_color
  timeshift_cam_imu: 0.04818850990686697
