cam0:
  cam_overlaps: []
  camera_model: pinhole
  intrinsics: [7255.78496321, 7255.78496321, 1044.3998515, 660.57744351]
  distortion_model: radtan
  distortion_coeffs: [-0.028982185687907436, -0.6251005904992704, 0, 0]
  T_cam_imu:
  - [0,  -1,  0, -0.00227]
  - [0,   0, -1, -0.05074]
  - [1,   0,  0,  0.00721]
  - [0.0, 0.0, 0.0, 1.0]
  timeshift_cam_imu: 0  # -8.121e-05
  rostopic: /camera4/image_color
  resolution: [2048, 1152]
# cam1:
#   camera_model: omni
#   intrinsics: [0.80065662, 833.006, 830.345, 373.850, 253.749]
#   distortion_model: radtan
#   distortion_coeffs: [-0.33518750, 0.13211436, 0.00055967, 0.00057686]
#   T_cn_cnm1:
#   - [ 0.99998854, 0.00216014, 0.00427195,-0.11003785]
#   - [-0.00221074, 0.99992702, 0.01187697, 0.00045792]
#   - [-0.00424598,-0.01188627, 0.99992034,-0.00064487]
#   - [0.0, 0.0, 0.0, 1.0]
#   T_cam_imu:
#   - [ 0.01567142, 0.99978002,-0.01393948,-0.03997419]
#   - [-0.99966203, 0.01595569, 0.02052137,-0.01735854]
#   - [ 0.02073927, 0.01361317, 0.99969223, 0.00326019]
#   - [0.0, 0.0, 0.0, 1.0]
#   timeshift_cam_imu: -8.681e-05
#   rostopic: /cam1/image_raw
#   resolution: [752, 480]
