cam0:
  T_cam_imu:
  - - 0.005443231358809475
    - -0.9999850521665744
    - 0.0005164066115000976
    - -0.12823753226711926
  - - -0.010448515966189675
    - -0.0005732605961988324
    - -0.9999452484443303
    - -0.0888024153818044
  - - 0.9999305974648837
    - 0.0054375376506993756
    - -0.010451480173567396
    - 0.2860554382732438
  - - 0.0
    - 0.0
    - 0.0
    - 1.0
  cam_overlaps: []
  camera_model: pinhole
  distortion_coeffs:
  - 0.0422
  - -2.0858
  - -0.0025
  - 0.001
  distortion_model: radtan
  intrinsics:
  - 3854.426
  - 3835.6137
  - 526.8109
  - 312.4926
  resolution:
  - 1024
  - 576
  rostopic: /camera1/image_color
  timeshift_cam_imu: 0.010361691461452714
